0.10277101999999999	-0.03698493000000002	0.9310327100000002
0.10306641000000004	-0.037258360000000004	0.9309521000000003
0.26484617000000016	-0.04466794	0.9097412800000001
0.29310058000000005	-0.04572262000000001	0.9043481499999999
0.34877688000000007	-0.041047319999999984	0.8890112299999999
0.47887448	-0.030331989999999996	0.8395702799999997
0.6066333100000001	-0.03130864999999999	0.7687622500000004
0.66494872	-0.027363249999999978	0.7281127599999999
0.7407177800000001	-0.025290539999999993	0.6635937199999998
0.8093798800000003	-0.023076179999999998	0.5935278300000001
0.9010302699999996	-0.039230970000000004	0.4709082200000001
0.8542699699999994	-0.011127939999999994	0.53899899
0.9080688800000002	-0.02936276000000001	0.4602807599999999
0.9991968299999996	0.009953570000000002	0.27450929999999996
1.0386841100000006	0.00907468	0.14193112999999996
1.04534423	0.015517560000000003	0.10936767000000001
1.0627709999999997	0.02128660000000001	-0.07226076999999999
1.0614061999999997	0.019440960000000004	-0.14347169999999998
-0.05728754	-0.03437019000000003	0.9106469399999998
-0.17297850999999997	-0.03661378000000002	0.9019042499999995
-0.2330224800000001	-0.045427209999999996	0.8844750899999996
-0.3534179499999998	-0.02392088	0.83878412
-0.49801266999999966	-0.02600335000000001	0.7557300200000003
-0.5702660999999999	-0.034135810000000016	0.70221677
-0.6234594700000001	-0.017175290000000006	0.6539769799999998
-0.69979495	-0.022502430000000004	0.5740038600000001
-0.7303808199999999	-0.026130360000000005	0.53328861
-0.7680737300000002	-0.02343262000000001	0.48371090999999994
-0.8010132200000002	-0.03027832	0.4318481300000001
-0.8588135000000001	-0.026355020000000003	0.31255369999999993
-0.8909497400000004	-0.04852783000000001	0.22930660000000003
-0.9110815200000006	-0.028320190000000002	0.16044927999999994
-0.9263354800000004	-0.04712400999999998	0.09122552
-0.9363158800000001	-0.036313530000000024	0.017368189999999995
-0.9386279400000005	-0.03365477000000002	0.008623050000000002
-0.9424560800000006	-0.02987059	-0.09759037999999995
0.07161624999999996	0.035288120000000006	-1.09576659
0.18048577000000016	0.011188949999999998	-1.09973393
0.28916747	0.04700686999999999	-1.0786621400000003
0.40310056000000005	0.07377923000000002	-1.0402661100000001
0.52535395	0.05018314000000001	-0.9879809800000003
0.5744750799999996	0.06928217	-0.9578735800000004
0.63469967	0.06895995000000002	-0.9181664699999997
0.74660647	0.0015429600000000001	-0.8291284100000001
0.8624878100000004	0.04275877000000002	-0.6944848799999999
0.9970507399999994	0.03036618	-0.44680423
1.0353882100000005	0.020468750000000008	-0.32330558
1.0525464800000004	0.015412599999999997	-0.23213374999999994
1.0617528899999997	0.05138917999999999	-0.07444332000000001
1.0552490999999993	0.046372050000000026	0.03696535
0.10161617999999997	0.040744550000000004	-1.094248
0.13152342999999994	0.07973144999999997	-1.10039554
0.028320239999999997	0.01158443	-1.1072729299999995
-0.43339598000000007	0.030800800000000007	-0.9754371000000002
-0.53999265	0.027795479999999987	-0.9066259300000001
-0.80507564	0.01150386	-0.60603997
-0.8644726600000002	-0.016484379999999996	-0.4873242499999999
-0.9055200199999995	-0.026052179999999984	-0.3673437400000001
-0.9269727100000001	-0.03944337	-0.2686035100000001
-0.9347119199999997	-0.05849119999999997	-0.20973152999999997
-0.9414502200000001	-0.06208740000000001	-0.09608889
-0.9370141700000001	-0.06478029999999999	0.0029077100000000013
-0.9365625000000003	-0.06548342999999998	0.008430209999999999
0.07254399000000002	-0.03866705	0.9213963900000002
0.10508545	-0.42447018	0.8358862099999999
0.10346918000000006	-0.42607667000000027	0.8363378499999997
0.10206056000000002	-0.36598147000000003	0.8615796600000006
0.09552493000000004	-0.19108642000000003	0.9123290399999998
0.09394534999999998	-0.3409692399999998	0.8716943499999998
0.09475343000000003	-0.3786621400000001	0.8568408000000004
0.10627682999999997	-0.4512573099999996	0.82313958
0.10291015000000003	-0.5133349799999999	0.7891356900000001
0.09662112999999999	-0.56178224	0.75853753
0.09881838999999996	-0.6296851000000003	0.7086401200000005
0.10015873999999993	-0.6698510799999999	0.6743676700000003
0.10232178999999998	-0.69555412	0.6508910899999997
0.09656252999999997	-0.72922114	0.6173974499999999
0.09677490999999998	-0.7576513099999999	0.58565183
0.09794924999999999	-0.7936327899999999	0.5426318300000001
0.09954836999999996	-0.83682611	0.48319338999999994
0.09843015999999993	-0.8634276900000003	0.4417089400000001
0.09854249999999994	-0.8815698000000001	0.41006838999999984
0.09655519	-0.9093090800000003	0.35657961
0.09874025000000002	-0.9303344399999997	0.30923824000000005
0.09657714000000002	-0.96753907	0.20672856000000006
0.09544919000000002	-0.9915674600000002	0.11383302000000002
0.09578125000000001	-0.99829105	0.07529545
0.09450681999999996	-1.00467528	0.03461675
0.09286378000000002	-1.01225828	-0.07249262999999999
0.09188716	-1.0113353999999994	-0.14094729000000006
0.09162841000000002	-1.0101464999999998	-0.16420165
0.09029294999999998	-1.00722414	-0.19406493000000002
0.09323001000000002	0.024936580000000007	-1.0978392899999998
0.11324468999999991	-0.13393305000000003	-1.0992993800000002
0.04224363999999998	-0.23189210000000013	-1.08391363
-0.0021753099999999993	-0.5439160000000001	-0.9510326200000003
0.01623538	-0.6139135800000002	-0.9039087000000001
0.017419470000000003	-0.6775292800000001	-0.8513085700000005
0.019970760000000004	-0.7309887300000001	-0.7986156600000001
0.03132808000000001	-0.7921459899999995	-0.7295336699999997
0.03537113000000001	-0.83533688	-0.6704174299999996
0.03548584000000001	-0.8626049800000005	-0.6283129600000001
0.04187252999999999	-0.9320751799999997	-0.49265135
0.04889401999999999	-0.97126467	-0.3826049999999999
0.06779545999999999	-1.00123538	-0.24767825
0.08083499000000001	-1.01004148	-0.16424563999999997
0.08738279	-1.0113085699999997	-0.04397946999999999
0.08987055000000005	-1.0037720200000002	0.03945312000000001
0.08693352000000001	-0.04750981000000002	0.9206176399999998
0.07593995999999997	0.31621093999999994	0.8770312
0.08342780000000001	0.23539793999999997	0.9003881599999994
0.07899416000000001	0.13035889	0.9209862899999999
0.07628416	0.11643556999999999	0.9232739600000001
0.05799801999999998	0.35217040999999993	0.8635180600000002
0.06768066000000002	0.4137987900000001	0.8391113100000004
0.05456544000000002	0.5140942499999999	0.7854004100000005
0.05752192	0.55603512	0.7571240700000003
0.05087400999999998	0.6397607799999995	0.6927074999999996
0.04264648	0.6916967999999999	0.6472290000000003
0.04190670999999997	0.7404516400000002	0.5959887900000002
0.03800296999999999	0.7819994599999999	0.54553221
0.03611089	0.8124951199999998	0.5053882300000001
0.03388188000000001	0.8437695499999998	0.45616211000000023
0.03357912	0.8634643600000005	0.42528807999999985
0.040048820000000006	0.9062915400000002	0.3416186100000001
0.025705529999999994	0.9564648900000008	0.2043530200000001
0.023532700000000004	0.9770751199999999	0.12177978000000005
0.02053221000000001	0.9864892400000004	0.06638670999999997
0.01717286999999999	0.9943212799999999	-0.0032104700000000004
0.020971710000000008	0.9978637399999991	-0.10286866000000003
0.09343258	0.10100344999999994	-1.09160893
0.10475090000000004	0.37792971999999997	-1.0271728699999996
0.04004148	0.45644045999999994	-0.9914404599999999
0.03647709999999999	0.4884399600000001	-0.97368407
0.03182373000000001	0.57710206	-0.9160741200000001
0.03220706000000001	0.6487548299999999	-0.8572265800000001
0.029155280000000002	0.7403222500000003	-0.7669433200000002
0.025898440000000002	0.8171191100000003	-0.6671825799999997
0.02430416999999999	0.8556933300000001	-0.60783695
0.02191408	0.9172729799999998	-0.48480465000000017
0.021098660000000012	0.9519750799999994	-0.38786127999999975
0.022343790000000002	0.9739184700000001	-0.30482424999999996
0.023708459999999997	0.9845141200000002	-0.25141354000000005
0.025300250000000003	0.9947460800000001	-0.16289794999999999
0.029436019999999976	0.9976709099999994	-0.07303464000000001
0.03172121999999999	0.9952148399999996	-0.010981459999999997
0.032150849999999995	0.99236323	0.025773900000000006
0.033837920000000014	0.9864574600000005	0.07272458
-0.27375484000000005	0.4237499399999999	-0.9361596100000007
-0.5000415300000001	-0.32782476000000005	-0.8690331999999996
-0.7836987499999997	-0.14986084999999993	-0.6235424899999997
-0.8206591100000001	-0.003088410000000004	-0.5795141699999999
0.09333250000000001	-0.5964208299999998	0.7165136
-0.10787849	-0.69448246	0.6339745499999999
0.0010278700000000006	-0.7758886300000002	0.5596288899999999
0.10819336000000009	-0.7957397099999998	0.5186913800000003
0.6818725099999999	-0.036308570000000005	0.7087622800000003
0.22681156000000005	0.15766599999999995	0.9029564999999997
0.09037838000000004	-0.07065671000000004	0.9275341500000006
